sift_sift:[0.4812317977229277, 0.4838630047621275, 0.48327469192593137, 0.48311490624305486, 0.4845537564218561]
sift_surf:[0.36041024962124507, 0.3611503027285051, 0.36086899630859653, 0.3612794879274432, 0.36173298542671556]
sift_brisk:[1.0, 1.0, 1.0, 1.0, 1.0]
sift_freak:[0.9999994054826243, 1.0, 0.9999888833779361, 1.0, 0.9999921196501921]
surf_sift:[0.6354602258771654, 0.6320211788524003, 0.6364257568053374, 0.6349105321489448, 0.6328007912088931]
