sift_sift:[0.5318268746579302, 0.5305051792556301, 0.5321282977559025, 0.5295346264367968, 0.5319661672140321]
sift_surf:[0.4383060960591112, 0.4376161193212896, 0.4362242952928279, 0.4364627805145015, 0.4361907430213426]
sift_brisk:[1.0, 1.0, 1.0, 1.0, 1.0]
sift_freak:[0.9999836206896552, 0.9999971264367816, 1.0, 0.9999971264367816, 1.0]
surf_sift:[0.6592944102353774, 0.6628722701149655, 0.6599722085386076, 0.66067415161469, 0.660205384510152]
surf_surf:[0.558491475095806, 0.5612636083744065, 0.5584027914614339, 0.5567170155993634, 0.5586104885057663]
surf_ORB:[0.9999778735632184, 1.0, 1.0, 0.9999778735632184, 0.999975]
surf_brisk:[1.0, 1.0, 1.0, 1.0, 1.0]
surf_freak:[1.0, 1.0, 1.0, 1.0, 1.0]
ORB_sift:[0.6018968407102231, 0.6002518007144564, 0.6026003792150287, 0.6019034950705006, 0.6008548416735762]
ORB_surf:[0.5980771822264703, 0.5976779762949026, 0.5984420165774518, 0.5966364714628366, 0.5962637716023278]
ORB_ORB:[1.0, 1.0, 1.0, 1.0, 1.0]
ORB_brisk:[1.0, 1.0, 1.0, 1.0, 1.0]
ORB_freak:[1.0, 1.0, 1.0, 1.0, 1.0]
fast_sift:[0.7831589285714207, 0.7832634168035019, 0.7823084428024059, 0.779727339901475, 0.7789635946907463]
fast_surf:[0.44165551450464546, 0.44013988779418867, 0.44157127805144136, 0.4395400109469018, 0.4413882389162474]
fast_ORB:[0.9998294745484401, 0.9998445607553366, 0.9998198207443895, 0.9997768814997264, 0.9998031267104542]
fast_brisk:[1.0, 1.0, 1.0, 1.0, 1.0]
fast_freak:[1.0, 0.9999922003284073, 0.9999836206896553, 1.0, 0.9999410098522168]
brisk_sift:[0.6066138273125562, 0.6098967432950415, 0.6104833059660904, 0.6111049055829465, 0.609559510125914]
brisk_surf:[0.5234031951286389, 0.518639552545168, 0.5209859126984274, 0.5231600506294635, 0.5213015599343348]
brisk_ORB:[1.0, 1.0, 1.0, 1.0, 1.0]
brisk_brisk:[1.0, 1.0, 1.0, 1.0, 1.0]
brisk_freak:[1.0, 1.0, 1.0, 1.0, 1.0]
kaze_sift:[0.6961335967403545, 0.6959237285810429, 0.6961966566517234, 0.694695332757141, 0.6956045190764408]
kaze_surf:[0.49349852519516235, 0.49540089997394104, 0.4950432289308784, 0.49568382927934385, 0.49576785199820056]
kaze_ORB:[0.9999567174443936, 0.9999743434518147, 0.99995253058126, 0.9999498125520785, 0.9999650774432405]
kaze_brisk:[1.0, 1.0, 1.0, 1.0, 1.0]
kaze_freak:[1.0, 0.9999971169924465, 1.0, 1.0, 1.0]
kaze_kaze:[0.6103414138919964, 0.6124849021141378, 0.6096403534044199, 0.6144500418433202, 0.6118449671427436]
