sift_sift:[0.5917887420817888, 0.5865307655947439, 0.5835054957406745, 0.5840383970743137, 0.5904826475870659]
sift_surf:[0.17037274727526008, 0.18713081121287717, 0.17890294699998877, 0.18380953880622775, 0.1642582491365133]
sift_brisk:[0.5538550345716827, 0.5579408804899668, 0.561418944387036, 0.5570503759701171, 0.5690111765031964]
sift_freak:[0.32678030046275075, 0.33173077352076336, 0.31934182084038637, 0.32849363389190656, 0.3329751009176623]
surf_sift:[0.5838491746674213, 0.5928796827042406, 0.5910842074626141, 0.5852355569400873, 0.5874083873738134]
surf_surf:[0.3750448879875279, 0.38462843226197424, 0.37692438203575745, 0.3799756195229566, 0.37698529112677454]
surf_ORB:[0.26096610369244183, 0.25635363928246446, 0.2512603086995323, 0.27445011469078984, 0.2724865573635957]
surf_brisk:[0.4933376883642099, 0.5027198128082716, 0.5010227119334696, 0.49969556515808844, 0.4978142261551032]
surf_freak:[0.36561055405504994, 0.35632433538963787, 0.35874038611575426, 0.35574168049813254, 0.3497684175554996]
ORB_sift:[0.42273643861232635, 0.4170599640528371, 0.4091148512373328, 0.42277557027945645, 0.43164653210901804]
ORB_surf:[0.5602483938282478, 0.5629525867612928, 0.5581580543876759, 0.5502717490241569, 0.5550431978337771]
ORB_ORB:[0.410185567101837, 0.4112917371672435, 0.3937423301409507, 0.40054703892011984, 0.4061894783643031]
ORB_brisk:[0.47946733187606333, 0.4858144103833033, 0.4746470406779508, 0.48392107261279965, 0.47351954930136353]
ORB_freak:[0.42248999338407134, 0.4192219275848126, 0.41768660789169043, 0.4225976557796576, 0.42942142110237763]
fast_sift:[0.6923032775028796, 0.6841652548272438, 0.6956982007258117, 0.6911706876019463, 0.6943648309533457]
fast_surf:[0.264131243532889, 0.23074511941167036, 0.24148682047861533, 0.24415137214785926, 0.22957000120828128]
fast_ORB:[0.2219219517028186, 0.21818555081408175, 0.21778548967819805, 0.2284114425630954, 0.21870852023678983]
fast_brisk:[0.3434678807122375, 0.30853258474671985, 0.3200363966171273, 0.32003958864503335, 0.3338176359097477]
fast_freak:[0.18826556165816327, 0.18444150363911085, 0.18759585708494667, 0.1929471986083126, 0.18790732037897423]
brisk_sift:[0.5293951824274471, 0.5256548902181297, 0.531740208159702, 0.5240307700513582, 0.5250056517553104]
brisk_surf:[0.5309927728968687, 0.5237256804414229, 0.5270084199214675, 0.5093412457814442, 0.5354201573718089]
brisk_ORB:[0.32471652854248645, 0.32437611448297815, 0.33076731661244185, 0.3361349904193422, 0.32645607213833994]
brisk_brisk:[0.533087153160961, 0.5369887716196645, 0.535678230976116, 0.5439484693491217, 0.5291182606286069]
brisk_freak:[0.38498480940444135, 0.3818390557959005, 0.38543313053376144, 0.38671073318622834, 0.38313352644185605]
kaze_sift:[0.703309714616305, 0.7131693285090256, 0.7050198915488453, 0.7048466475640139, 0.7088948283140426]
kaze_surf:[0.3191003194770289, 0.3086847876141051, 0.3039986969009921, 0.3178316994605698, 0.3036308876067818]
kaze_ORB:[0.3397647207110255, 0.3451388878701247, 0.34919956268870567, 0.3604471953940015, 0.34604053019680525]
kaze_brisk:[0.4766267841745604, 0.48776390685008236, 0.48244705245540304, 0.4757737390799777, 0.4756146019521579]
kaze_freak:[0.33151813686802245, 0.33556542052592586, 0.33001303414161137, 0.32663029268017574, 0.32950151607661915]
kaze_kaze:[0.6664030616153913, 0.6621789517501584, 0.6618115510655078, 0.6651716451443871, 0.6594334598471918]
