sift_sift:[0.5903053515805128, 0.5926553042501616, 0.5850437187109867, 0.5880239128261353, 0.5862313864404671]
sift_surf:[0.1805910404172815, 0.17477476368102635, 0.17714428794582315, 0.1819951349406594, 0.18624873620484864]
sift_brisk:[0.5602590451933266, 0.5542208757393283, 0.5566258669019242, 0.5564239946302008, 0.5607126488494887]
sift_freak:[0.32303292874897815, 0.33045117883410224, 0.321260185726638, 0.3314374313830187, 0.3181845955759967]
surf_sift:[0.5871707148198505, 0.5898613235832629, 0.5962740840767742, 0.5903379272595387, 0.5818640465606106]
